SHAPE:1 [0];0;0
ANGLES:
LENGTHS:0;1000;
SHAPE:2_2 [0];1;0
ANGLES:;;
LENGTHS:0;1940;0;540;
SHAPE:2_2 [1];1;0
ANGLES:;;
LENGTHS:0;1240;0;540;
SHAPE:2_1 [0];1;0
ANGLES:;;
LENGTHS:0;844;0;394;
SHAPE:3_1 [0];1;0
ANGLES:0;6.5;
LENGTHS:0;973.0169;0;873.016889298541;
SHAPE:3_2 [0];1;0
ANGLES:0;105.6;
LENGTHS:0;1928.8932;0;928.893147805333;
SHAPE:9 [0];0;0
ANGLES:;;;;
LENGTHS:0;1440;;;;;
SHAPE:8_2 [0];0;0
ANGLES:0;67.1;0;67.1;
LENGTHS:0;751.7955;0;400.000006903012;0;398.2045;
SHAPE:27 [0];1;0
ANGLES:;;;;
LENGTHS:;;0;1136;;;
SHAPE:8 [0];1;0
ANGLES:0;45.0;0;45.0;
LENGTHS:0;589.4975;0;1013.79737696346;0;560.5025;
SHAPE:33 [0];1;0
ANGLES:;;;;
LENGTHS:;;0;1030;;;
SHAPE:4_4 [0];0;0
ANGLES:;;;;
LENGTHS:0;1975;0;500;0;1975;
SHAPE:4 [0];0;0
ANGLES:;;;;
LENGTHS:0;1940;0;430;0;940;
SHAPE:5_1 [0];2;0
ANGLES:0;54.5;0;41.4;
LENGTHS:0;816.905034181085;0;768.750142764058;0;895.7301;
SHAPE:5_2 [0];2;0
ANGLES:0;103.8;0;97.3;
LENGTHS:0;733.116888050262;0;884.144077378399;0;1951.6472;
SHAPE:5_3 [0];2;0
ANGLES:0;120.4;0;59.6;
LENGTHS:0;686.2152;0;754.360473392827;0;1104.9364;
SHAPE:39 [0];1;0
ANGLES:;;;;
LENGTHS:0;510;0;1000;0;440;
SHAPE:4_2 [0];2;0
ANGLES:;;0;84.3;
LENGTHS:0;1939.99994975316;0;233.325444851478;0;1953.3006;
SHAPE:4_3 [0];2;0
ANGLES:0;111.4;;;
LENGTHS:0;628.283895015661;0;777.2092;0;1940;
SHAPE:56 [0];1;0
ANGLES:0;102.1;0;57.1;
LENGTHS:0;1018.26449077777;0;1024.2389;0;955.974459541101;
SHAPE:56 [1];1;0
ANGLES:0;25.0;0;10.4;
LENGTHS:0;482.749301307666;0;1004.5535;0;471.804188478833;
SHAPE:53 [0];1;0
ANGLES:;;;;;;
LENGTHS:;;0;1200;;;;;
SHAPE:38_2 [0];1;0
ANGLES:;;;;;;
LENGTHS:;;0;930;;;;;
SHAPE:4_3 [1];1;0
ANGLES:;;;;0;20.0;
LENGTHS:0;537;0;1436;;;0;306.52406155687;
SHAPE:19 [0];1;0
ANGLES:;;;;;;
LENGTHS:0;550;0;700;0;250;0;250;
SHAPE:29_2 [0];2;0
ANGLES:;;0;19.9;0;19.9;
LENGTHS:0;440;0;371.1269;0;500.0000215624;0;468.8731;
SHAPE:38 [0];1;0
ANGLES:;;;;;;
LENGTHS:0;160;0;930;;;0;160;
SHAPE:19 [1];2;0
ANGLES:;;;;;;
LENGTHS:0;250;0;250;0;700;0;150;
SHAPE:35 [0];0;0
ANGLES:;;;;;;
LENGTHS:0;1100;0;600;;;;;
SHAPE:81 [0];1;0
ANGLES:0;45.0;;;0;45.0;
LENGTHS:0;199.999991179125;0;424.2641;0;424.2641;0;199.999991179125;
SHAPE:29_7 [0];3;0
ANGLES:;;0;45.0;0;45.0;
LENGTHS:0;300;0;200;0;424.264068711929;0;500;
SHAPE:29_6 [0];3;0
ANGLES:;;0;45.0;0;45.0;
LENGTHS:0;206;0;343.8406;0;424.264068711929;0;462.1594;
SHAPE:61_2 [0];1;0
ANGLES:;;0;111.8;0;68.2;
LENGTHS:0;500;0;950;0;538.51648071345;0;750;
SHAPE:4_3 [2];1;0
ANGLES:;;;;0;45.0;
LENGTHS:0;97;0;1436;;;0;75.3259640794594;
SHAPE:21 [0];1;0
ANGLES:;;;;0;16.5;
LENGTHS:0;200;0;900;0;400;0;399.999951037722;
SHAPE:5_3 [1];1;0
ANGLES:0;70.0;;;0;50.0;
LENGTHS:0;325.90764350963;0;1324.9552;;;0;517.253356320488;
SHAPE:81 [1];2;0
ANGLES:0;59.0;0;97.7;0;38.7;
LENGTHS:0;200.000023818599;0;583.095173219621;0;640.3124;0;300.000035727898;
SHAPE:21_2 [0];2;0
ANGLES:;;;;0;33.7;
LENGTHS:0;200;0;300;0;400;0;360.555127546399;
SHAPE:61_2 [1];0;0
ANGLES:0;123.7;0;56.3;;;
LENGTHS:0;1000;0;721.110255092798;0;600;0;400;
SHAPE:37 [0];1;0
ANGLES:0;127.9;;;;;
LENGTHS:0;570.087712549569;0;1200;;;0;96;
SHAPE:4_3 [3];1;0
ANGLES:;;;;0;45.0;
LENGTHS:0;90.5;0;1449;0;43.1335;0;72.6335842994135;
SHAPE:26 [0];2;0
ANGLES:;;;;;;;;
LENGTHS:;;;;0;1030;;;;;
SHAPE:49_2 [0];0;0
ANGLES:;;;;;;;;
LENGTHS:0;944.3337;0;500;0;500;0;500;0;735.3479;
SHAPE:80_2 [0];3;0
ANGLES:0;67.6;0;78.7;0;78.7;0;67.6;
LENGTHS:0;312.115872555578;0;457.769538461539;0;342.613731001211;0;457.7696;0;312.115839919877;
SHAPE:42 [0];2;0
ANGLES:;;;;;;;;
LENGTHS:;;;;0;1138;;;;;
SHAPE:6_1 [0];2;0
ANGLES:0;45.0;0;45.0;0;45.0;0;45.0;
LENGTHS:0;189.4975;0;199.999991179125;0;271.0051;0;199.999991179125;0;189.4975;
SHAPE:36_3 [0];2;0
ANGLES:0;111.9;0;68.1;0;68.1;0;111.9;
LENGTHS:0;223.2035;0;460.666331993917;0;776.1894;0;460.665362040744;0;223.2038;
SHAPE:31 [0];1;0
ANGLES:;;0;76.2;0;76.2;;;
LENGTHS:;;0;992.4277;0;300.000017458966;0;837.5723;;;
SHAPE:6_2 [0];3;0
ANGLES:0;79.3;0;79.3;0;39.9;0;39.9;
LENGTHS:0;303.981318108942;0;797.997212459355;0;258.3058941686;0;1065.7934;0;287.712763438277;
SHAPE:36_2 [0];2;0
ANGLES:0;97.9;0;82.1;;;;;
LENGTHS:0;188.5172;0;726.63948371621;0;800;0;719.7256;0;190;
SHAPE:63 [0];0;0
ANGLES:;;;;0;51.3;0;51.3;
LENGTHS:;;0;300;0;555.3381;0;320.156211871642;0;553.5942;
SHAPE:62 [0];0;0
ANGLES:;;;;;;;;
LENGTHS:0;700;;;;;0;400;;;
SHAPE:79_1 [0];3;0
ANGLES:;;;;0;64.2;0;64.2;
LENGTHS:0;139.9995;0;449.9996;0;246.938;0;499.998053065509;0;133.0643;
SHAPE:10 [0];2;0
ANGLES:0;56.3;0;33.7;0;45.0;0;45.0;
LENGTHS:0;550;0;360.555127546399;0;750;0;282.842712474619;0;400;
SHAPE:5_2 [1];2;0
ANGLES:0;45.0;;;;;0;45.0;
LENGTHS:0;75.3259640794594;;;0;1436;0;52.3259;0;75.3259640794594;
SHAPE:13 [0];1;0
ANGLES:;;;;;;;;
LENGTHS:;;0;380;0;230;0;230;;;
SHAPE:29_4 [0];3;0
ANGLES:;;0;26.9;0;26.9;0;45.0;
LENGTHS:0;475;0;500;0;499.999968843779;0;1000;0;474.999970211557;
SHAPE:29_5 [0];1;0
ANGLES:;;0;34.2;0;34.2;;;
LENGTHS:0;240;0;475.782;0;299.999977176082;0;454.218;0;240;
SHAPE:36_2 [1];2;0
ANGLES:0;136.3;0;43.7;;;;;
LENGTHS:0;245.07;0;1098.0142839683;0;1100;0;758.7161;0;260;
SHAPE:36 [0];4;0
ANGLES:;;;;;;0;45.0;
LENGTHS:0;160.000021227561;;;0;464.999995401344;0;600.000044248015;0;775;
SHAPE:62 [1];0;0
ANGLES:;;;;;;;;
LENGTHS:0;840;0;400;;;;;0;700;
SHAPE:79_2 [0];3;0
ANGLES:;;;;0;56.4;0;56.4;
LENGTHS:0;240.002695181221;0;429.999477174101;0;126.216211391406;0;599.9992;0;123.78514799252;
SHAPE:47 [0];2;0
ANGLES:;;;;;;;;
LENGTHS:;;0;400;0;600;0;500;;;
SHAPE:5_2 [2];2;0
ANGLES:0;45.0;;;;;0;45.0;
LENGTHS:;;0;52.3259;0;1436;0;52.3259;;;
SHAPE:7 [0];2;0
ANGLES:;;;;;;;;
LENGTHS:0;140;0;330;0;381.8868;0;130;0;140;
SHAPE:66 [0];4;0
ANGLES:;;0;104.0;0;76.0;;;
LENGTHS:0;400;0;400;0;412.310562561766;0;400;0;1100;
SHAPE:59 [0];4;0
ANGLES:;;0;99.0;0;81.0;;;
LENGTHS:0;440;0;424.0157;0;929.126231529828;0;435.1106;0;1940;
SHAPE:12 [0];0;0
ANGLES:;;;;;;
LENGTHS:0;400;0;200;0;400;0;200;
SHAPE:62 [2];0;0
ANGLES:;;;;;;;;
LENGTHS:0;644;0;138;0;138;0;338;0;336;
SHAPE:57 [0];2;0
ANGLES:0;59.0;0;61.4;0;61.4;0;39.8;
LENGTHS:0;291.547498297087;0;300.000005918417;0;626.4982;0;249.99999030042;0;390.512468848474;
SHAPE:58 [0];3;0
ANGLES:0;111.8;0;66.8;0;45.0;0;90.0;
LENGTHS:0;282.8427;0;380.788680280179;0;400.000053068909;0;494.9747;0;282.8427;
SHAPE:65_2 [0];1;0
ANGLES:0;67.4;0;56.3;0;56.3;0;67.4;0;56.3;
LENGTHS:0;310.555161538462;0;315.4858;0;159.861212880924;0;315.485746153848;0;315.4857;0;154.930621511727;
SHAPE:14 [0];1;0
ANGLES:;;;;;;;;;;
LENGTHS:;;0;530;0;230;0;530;0;230;;;
SHAPE:14_3 [0];1;0
ANGLES:0;144.8;0;35.2;0;144.8;0;35.2;0;144.8;
LENGTHS:0;314.582928411397;0;828.4886;0;778.488635944867;0;828.4886;0;778.488635944867;0;273.2277;
SHAPE:81_3 [0];2;0
ANGLES:;;;;0;136.4;;;;;
LENGTHS:0;157;;;0;429.0165;0;294.387348275873;;;0;157.00005862069;
SHAPE:14_3 [1];4;0
ANGLES:0;71.6;0;108.4;0;71.6;0;108.4;0;71.6;
LENGTHS:0;152.6565;0;250.874017165768;0;334.6462;0;250.87404878855;0;334.6463;0;110.770380606415;
SHAPE:51_2 [0];2;0
ANGLES:;;0;108.4;0;71.6;;;;;
LENGTHS:0;156;0;450;0;474.341649025257;0;300;0;450;0;156;
SHAPE:14 [1];1;0
ANGLES:;;;;;;;;;;
LENGTHS:0;231.999984232629;0;742;0;742;0;742;0;742;0;167.999964594431;
SHAPE:14 [2];1;0
ANGLES:;;;;;;;;;;
LENGTHS:0;100.999992447772;0;322.024903835247;0;322.000042058212;0;322.000038222669;0;322.0248;0;100.999991243019;
SHAPE:14_4 [0];2;0
ANGLES:;;0;107.4;;;;;;;
LENGTHS:;;0;682.253166147237;0;682.9834;0;659.788;0;466.4709;;;
SHAPE:72 [0];1;0
ANGLES:;;;;;;;;;;
LENGTHS:0;639.9998;0;679.9982;0;380.0024;0;330.0015;0;380.0024;0;139.9992;
SHAPE:51 [0];2;0
ANGLES:;;;;0;116.6;0;63.4;;;
LENGTHS:;;0;530;0;758.3688;0;480.754615162455;0;443.3688;;;
SHAPE:14_7 [0];1;0
ANGLES:;;0;108.4;0;71.6;0;108.4;;;
LENGTHS:;;0;400;0;316.227766016838;0;400;0;316.227766016838;;;
SHAPE:23 [0];2;0
ANGLES:0;53.1;;;;;0;53.1;
LENGTHS:0;500;0;600;0;800;0;600;0;500;
SHAPE:54 [0];2;0
ANGLES:;;;;;;;;;;;;
LENGTHS:;;0;430;0;930;0;430;0;930;0;430;;;
SHAPE:80 [0];3;0
ANGLES:0;72.0;0;72.0;0;72.0;0;72.0;0;72.0;0;72.0;
LENGTHS:0;99.5709443591352;0;536.922;0;536.926681747937;0;536.927045757336;0;536.921903361271;0;536.921772519834;0;99.571;
SHAPE:29_3 [0];3;0
ANGLES:;;0;45.0;0;45.0;0;45.0;0;45.0;;;
LENGTHS:0;475;0;500;0;299.999951413329;0;600;0;300.000022124016;0;200;0;475;
SHAPE:29 [0];4;0
ANGLES:;;0;25.5;0;25.5;0;17.1;0;17.1;;;
LENGTHS:;;0;215;0;450.913568502047;0;550;0;659.620735732261;0;415;;;
SHAPE:30 [0];2;0
ANGLES:;;;;0;45.0;0;45.0;;;;;
LENGTHS:;;;;0;700;0;282.842712474619;0;400;;;;;
SHAPE:41 [0];2;0
ANGLES:;;0;64.5;0;64.5;0;45.0;0;45.0;;;
LENGTHS:;;0;360.8497;0;600.00004170344;0;463.4333;0;503.295343035488;0;179.4975;;;
SHAPE:44 [0];2;0
ANGLES:0;45.0;;;;;;;;;0;45.0;
LENGTHS:;;;;0;865;0;800;0;565;;;;;
SHAPE:46 [0];2;0
ANGLES:0;45.0;;;;;;;;;0;45.0;
LENGTHS:;;;;0;865;0;800;0;565;;;;;
SHAPE:44_2 [0];2;0
ANGLES:;;;;;;;;;;;;
LENGTHS:;;;;0;865;0;700;0;465;;;;;
SHAPE:69_1 [0];3;0
ANGLES:0;42.0;0;42.0;;;;;0;38.7;0;38.7;
LENGTHS:0;188.423300001698;0;419.998717639233;0;121.582700053297;0;630.0047;0;122.711000052807;0;400.001262052822;0;187.293100000107;
SHAPE:67_2 [0];3;0
ANGLES:;;;;;;;;;;;;
LENGTHS:0;300;0;600;0;500;0;1000;0;500;0;600;0;300;
SHAPE:67_2 [1];3;0
ANGLES:;;;;;;;;;;;;
LENGTHS:;;0;536;0;500;0;1000;0;500;0;536;;;
SHAPE:45_2 [0];3;0
ANGLES:;;;;;;;;;;;;
LENGTHS:;;;;0;400;0;600;0;500;;;;;
SHAPE:45 [0];3;0
ANGLES:0;45.0;;;;;;;;;0;45.0;
LENGTHS:;;;;0;400;0;600;0;500;;;;;
SHAPE:32 [0];3;0
ANGLES:;;;;0;56.3;0;45.0;;;;;
LENGTHS:;;;;0;311.964416552433;0;870.5687;0;238.002101631099;;;;;
SHAPE:32_2 [0];3;0
ANGLES:;;;;0;69.0;0;37.6;;;;;
LENGTHS:0;159.999983892656;;;0;565.000037577282;0;600;0;464.999966729687;;;0;159.9999565589;
SHAPE:50 [0];2;0
ANGLES:;;;;;;;;;;0;45.0;
LENGTHS:;;0;550;0;600;0;450;0;450;;;;;
SHAPE:15 [0];2;0
ANGLES:;;;;;;;;;;;;
LENGTHS:0;160;;;0;1320.0209;0;600;0;965;;;0;160;
SHAPE:52 [0];2;0
ANGLES:;;;;0;116.6;0;63.4;;;0;45.0;
LENGTHS:;;0;480;0;758.3688;0;480.754615162455;0;393.3688;;;;;
SHAPE:80 [1];2;0
ANGLES:0;60.0;0;75.1;0;74.9;0;76.2;0;73.8;0;60.0;
LENGTHS:0;72.5724116965255;0;334.375720567642;0;458.0383;0;351.940359020133;0;454.996195109915;0;334.939421046881;0;72.5702815458918;
SHAPE:Unknown [0];5;0
ANGLES:;;0;72.0;0;72.0;0;72.0;0;72.0;;;
LENGTHS:;;0;327.5515;0;323.082394023816;0;323.082456320751;0;323.082375419056;0;327.551517109904;;;
SHAPE:32_2 [1];4;0
ANGLES:;;;;0;58.8;0;16.2;;;;;
LENGTHS:;;0;122.999998470285;0;343.775172273871;0;475.291153614761;0;758.5159;0;123;;;
SHAPE:69_2 [0];3;0
ANGLES:0;61.8;0;58.2;;;;;0;58.4;0;61.0;
LENGTHS:0;143.533998588105;0;430.204408764438;0;145.5154;0;729.9981;0;145.4252;0;429.213766827265;0;142.769679284959;
SHAPE:67 [0];3;0
ANGLES:;;;;;;;;;;;;
LENGTHS:0;200;0;300;0;500;0;1000;0;500;0;300;0;200;
SHAPE:60 [0];6;0
ANGLES:0;72.7;0;57.8;0;57.8;0;45.0;0;45.0;0;17.4;
LENGTHS:0;400.000013395225;0;400;0;299.999946852079;0;400;0;299.999951413329;0;300;0;700.000012416228;
SHAPE:48 [0];4;0
ANGLES:;;;;;;;;;;;;;;
LENGTHS:;;;;0;737;0;338;0;738;0;337;;;;;
SHAPE:64_2 [0];0;0
ANGLES:0;45.0;0;45.0;0;45.0;0;45.0;0;45.0;0;45.0;0;45.0;
LENGTHS:0;282.8427;0;200.00006188979;0;282.8427;0;200.00006188979;0;282.8427;0;199.999991179125;0;282.8427;0;199.999991179125;
SHAPE:48 [1];5;0
ANGLES:;;;;;;;;;;;;;;
LENGTHS:0;88.6984436268495;;;0;420.029704214285;0;419.999958843784;0;419.9999546292;0;420.0298;;;0;88.6984436760752;
SHAPE:Unknown [1];4;0
ANGLES:0;10.0;;;;;;;;;;;0;10.0;
LENGTHS:;;;;0;737;0;338;0;738;0;337;;;;;
SHAPE:48 [2];2;0
ANGLES:;;;;;;;;;;;;;;
LENGTHS:0;88.6984436760752;;;0;620.0202;0;419.999957009867;0;619.99996044237;0;420.029701933304;;;0;88.6984370255656;
SHAPE:48_2 [0];3;0
ANGLES:;;;;;;;;;;;;0;45.0;
LENGTHS:;;0;300;0;500;0;1000;0;500;0;1000;;;;;
SHAPE:61 [0];3;0
ANGLES:0;45.0;;;;;0;151.1;0;28.9;;;0;45.0;
LENGTHS:0;124.852854404615;;;0;289.6421;0;1200;0;600.000018374083;0;674.5407;;;0;124.852854404615;
SHAPE:81_2 [0];3;0
ANGLES:;;;;0;45.0;;;0;45.0;;;;;
LENGTHS:0;157.000049997699;;;0;155.159380335608;0;442.4234;0;442.4234;0;155.159380335608;;;0;157.000049997699;
SHAPE:48_3 [0];2;0
ANGLES:;;;;;;;;;;;;;;
LENGTHS:;;0;230;0;930;0;430;0;930;0;430;0;230;;;
SHAPE:73_1 [0];1;0
ANGLES:;;;;;;;;;;;;;;
LENGTHS:0;350.0047;0;850.0047;0;350.0047;0;850.0047;0;699.9976;0;549.9977;0;699.9976;0;100;
SHAPE:68 [0];3;0
ANGLES:;;;;;;;;;;;;;;
LENGTHS:0;40.0492360018266;0;730.036300000438;0;229.997523830888;0;730.0393;0;580.048682251042;0;279.997911561944;0;579.926182108697;0;39.9592052073111;
SHAPE:81_2 [1];4;0
ANGLES:;;;;0;59.0;0;97.7;0;38.7;;;;;
LENGTHS:0;157.000046028019;;;0;150.448088195497;0;601.014282276154;0;664.9092;0;257.125777815625;;;0;156.999983558502;
SHAPE:65 [0];5;0
ANGLES:0;60.0;0;60.0;0;60.0;0;60.0;0;60.0;0;60.0;0;60.0;
LENGTHS:0;123.562333010712;0;163.7306;0;163.730498924544;0;163.730585527109;0;163.7306;0;163.730635527075;0;163.730548924536;0;123.5624;
SHAPE:65 [1];1;0
ANGLES:;;0;60.0;0;60.0;0;60.0;0;60.0;0;60.0;;;
LENGTHS:;;0;281.1836;0;273.730503760177;0;273.730503760177;0;273.7306;0;273.730553760171;0;281.183564728897;;;
SHAPE:28 [0];5;0
ANGLES:;;;;0;65.5;0;65.5;0;59.1;0;59.1;;;;;
LENGTHS:;;;;0;192.4937;0;558.13341019517;0;292.3438;0;591.896409251898;0;195.1626;;;;;
SHAPE:61_3 [0];3;0
ANGLES:0;45.0;;;;;;;0;52.7;0;37.3;;;0;45.0;
LENGTHS:;;;;0;345.3004;0;894.8805;0;147.6698;0;326.014374799103;0;635.5978;;;;;
SHAPE:40 [0];3;0
ANGLES:;;;;0;45.0;0;45.0;0;45.0;0;45.0;;;;;
LENGTHS:;;;;0;450.5025;0;700.000004482236;0;528.9949;0;599.999973537341;0;350.5025;;;;;
SHAPE:70_1 [0];1;0
ANGLES:;;;;;;;;;;;;;;;;
LENGTHS:0;90;0;930;0;591.8548;0;930;0;591.8548;0;287.0121;0;591.8548;0;287.0121;0;89.9999999999999;
SHAPE:28 [1];5;0
ANGLES:;;;;0;65.5;0;65.5;0;59.1;0;59.1;;;;;
LENGTHS:0;161.5;0;123;0;190.9937;0;558.13341019517;0;292.3438;0;591.896409251898;0;193.6626;0;123;0;161.5;
SHAPE:24 [0];6;0
ANGLES:;;;;;;;;;;;;;;;;
LENGTHS:0;240;0;530;0;330;0;630;0;530;0;230;0;730;0;430;0;240;
SHAPE:11 [0];0;0
ANGLES:
LENGTHS:0;128;
SHAPE:49 [0];0;0
ANGLES:
LENGTHS:0;200;
SHAPE:25 [0];1;0
ANGLES:0;45.0;0;45.0;0;45.0;0;45.0;0;45.0;0;45.0;0;45.0;0;45.0;0;45.0;
LENGTHS:0;60.502460361377;0;253.8478;0;253.845041195628;0;253.8477;0;253.845041195628;0;253.8478;0;253.845111906296;0;253.8477;0;253.845111906296;0;60.5025;
SHAPE:64 [0];1;0
ANGLES:;;0;45.0;0;45.0;0;45.0;0;45.0;0;45.0;0;45.0;0;45.0;;;
LENGTHS:;;0;219.3344;0;208.618632892295;0;208.6187;0;208.618632892295;0;208.6187;0;208.618703602961;0;208.6187;0;219.334341186418;;;
SHAPE:14_2 [0];1;0
ANGLES:;;;;;;;;;;;;;;;;;;
LENGTHS:0;160;0;650;0;450;0;650;0;450;0;650;0;450;0;650;0;450;0;160;
SHAPE:65 [2];5;0
ANGLES:0;22.0;;;0;67.4;0;56.3;0;56.3;0;67.4;0;56.3;;;0;22.0;
LENGTHS:;;;;0;360.555092307694;0;360.5551;0;200.000067925038;0;360.555130769235;0;360.5551;0;200.000012455025;;;;;
SHAPE:71 [0];1;0
ANGLES:;;;;;;;;;;;;;;;;;;
LENGTHS:0;100;0;700;0;600;0;700;0;600;0;500;0;600;0;300;0;600;0;100;
SHAPE:75_1 [0];5;0
ANGLES:;;;;;;;;;;;;;;;;;;
LENGTHS:0;200;0;750.0017;0;649.9996;0;945.9174;0;330.0014;0;1150.0036;0;330.0014;0;954.0879;0;649.9996;0;200;
SHAPE:64 [1];2;0
ANGLES:0;22.0;;;0;45.0;0;45.0;0;45.0;0;45.0;0;45.0;0;45.0;0;45.0;;;0;22.0;
LENGTHS:;;;;0;282.8427;0;200.00006188979;0;282.8427;0;199.999991179125;0;282.8427;0;199.999991179125;0;282.8427;0;200.00006188979;;;;;
SHAPE:73_2 [0];1;0
ANGLES:;;;;;;;;;;;;;;;;;;;;;;
LENGTHS:0;240.001;0;800.0022;0;230.001;0;800.0022;0;579.9987;0;529.9966;0;579.9987;0;529.9966;0;579.9987;0;529.9966;0;579.9987;0;140;
SHAPE:73_3 [0];1;0
ANGLES:;;;;;;;;;;;;;;;;;;;;;;
LENGTHS:0;240.001;0;800.0022;0;230.001;0;800.0022;0;579.9987;0;529.9966;0;130;0;529.9966;0;130;0;529.9966;0;579.9987;0;140;
SHAPE:74 [0];1;0
ANGLES:;;;;;;;;;;;;;;;;;;;;;;
LENGTHS:0;349.9985;0;1250.0043;0;349.9985;0;1250.0043;0;749.9951;0;1100.0011;0;749.9951;0;823.0573;0;749.9951;0;549.9996;0;749.9951;0;100;
SHAPE:Unknown [2];11;0
ANGLES:0;36.0;0;36.0;0;36.0;0;36.0;0;36.0;0;36.0;0;36.0;0;36.0;0;36.0;0;36.0;0;36.0;
LENGTHS:0;471.3596;0;168.116216533831;0;168.116204348778;0;168.116299454425;0;168.116216533831;0;168.1162;0;168.116135632128;0;168.116299454425;0;168.116204348778;0;168.116135632128;0;168.1162;0;471.359646587656;
SHAPE:Unknown [3];1;0
ANGLES:;;0;36.0;0;36.0;0;36.0;0;36.0;0;36.0;0;36.0;0;36.0;0;36.0;0;36.0;;;
LENGTHS:;;0;180.617836784355;0;168.116173447084;0;168.116268552749;0;168.116216533831;0;168.1162;0;168.116216533831;0;168.116268552749;0;168.116173447084;0;168.116216533831;0;180.6178;;;
SHAPE:65 [3];10;0
ANGLES:;;0;36.0;0;36.0;0;36.0;0;36.0;0;36.0;0;36.0;0;36.0;0;36.0;0;36.0;;;
LENGTHS:;;0;112.634040067512;0;100.132453889086;0;100.13254899472;0;100.13241981696;0;100.1325;0;100.132500718648;0;100.132518093025;0;100.132422987362;0;100.132500718648;0;112.6341;;;
SHAPE:70_2 [0];1;0
ANGLES:;;;;;;;;;;;;;;;;;;;;;;;;
LENGTHS:0;125;0;1000;0;661.8548;0;1000;0;661.8548;0;354.4714;0;661.8548;0;354.4714;0;661.8548;0;354.4714;0;661.8548;0;354.4714;0;125;
SHAPE:75_2 [0];4;0
ANGLES:;;;;;;;;;;;;;;;;;;;;;;;;
LENGTHS:0;44;0;632.5314;0;716.8381;0;207.9993;0;1058.005;0;207.9993;0;679.1697;0;632.5314;0;338.6028;0;632.5314;0;338.6028;0;632.5314;0;44;
SHAPE:75_2 [1];8;0
ANGLES:;;;;;;;;;;;;;;;;;;;;;;;;
LENGTHS:0;140.6028;0;624.5314;0;330.6028;0;624.5314;0;330.6028;0;624.5314;0;709.4381;0;199.9993;0;1050.0049;0;199.9993;0;671.1696;0;624.5314;0;140;
SHAPE:77 [0];9;0
ANGLES:;;;;;;;;;;;;;;;;;;;;;;;;;;
LENGTHS:0;100;0;780.004;0;679.9974;0;929.6673;0;379.9953;0;929.6673;0;379.9953;0;780.004;0;269.9963;0;1050.3372;0;269.9963;0;1050.3372;0;679.9974;0;100;
SHAPE:78 [0];5;0
ANGLES:;;;;;;;;;;;;;;;;;;;;;;;;;;
LENGTHS:0;140;0;810.0036;0;580.0031;0;954.9899;0;190.0023;0;1130.0011;0;190.0023;0;985.0148;0;580.0031;0;810.0036;0;230.0006;0;810.0036;0;230.0006;0;140;
SHAPE:76 [0];4;0
ANGLES:;;;;;;;;;;;;;;;;;;;;;;;;;;
LENGTHS:0;140;0;620.0044;0;868.2473;0;160.005;0;1060.0034;0;160.005;0;891.7576;0;620.0044;0;445.1061;0;620.0044;0;160.0034;0;620.0044;0;414.8988;0;140;
SHAPE:76 [1];9;0
ANGLES:;;;;;;;;;;;;;;;;;;;;;;;;;;
LENGTHS:0;45.2636;0;422.900439006866;0;628.0906;0;168.0034;0;628.0044;0;453.1061;0;628.0044;0;899.7576;0;168.005;0;1068.0034;0;168.005;0;876.2473;0;628.0044;0;44;
